BoundaryIndex 0 0 49 49
DefaultCost 3
NumNonDefaultCost 833
48 42 49 42 2
48 40 48 41 -3
48 39 48 40 -3
48 39 49 39 -2
48 36 48 37 -2
48 30 48 31 2
48 28 49 28 -1
48 26 49 26 -1
48 21 49 21 1
48 15 49 15 2
48 10 48 11 3
48 9 48 10 -1
48 7 48 8 1
48 7 49 7 1
48 1 49 1 1
47 47 47 48 -3
47 47 48 47 3
47 46 47 47 2
47 45 47 46 1
47 45 48 45 3
47 44 48 44 2
47 39 47 40 -1
47 38 48 38 -2
47 37 48 37 -3
47 36 47 37 -1
47 33 47 34 1
47 32 48 32 3
47 29 47 30 2
47 28 47 29 -2
47 24 47 25 -1
47 23 47 24 1
47 3 48 3 2
47 2 48 2 -2
46 44 46 45 3
46 43 46 44 3
46 40 46 41 -1
46 39 47 39 -3
46 38 47 38 2
46 35 46 36 3
46 31 46 32 1
46 31 47 31 3
46 30 47 30 1
46 29 47 29 2
46 27 47 27 3
46 24 46 25 -1
46 21 46 22 1
46 20 46 21 -3
46 19 47 19 2
46 18 46 19 2
46 14 47 14 -1
46 13 47 13 -2
46 9 47 9 3
46 8 46 9 2
46 1 46 2 -3
45 46 46 46 -2
45 45 45 46 3
45 37 45 38 -3
45 31 45 32 -1
45 28 45 29 -1
45 26 45 27 -3
45 23 46 23 3
45 22 45 23 1
45 15 45 16 -3
45 10 45 11 1
45 9 46 9 -3
45 6 46 6 2
45 5 45 6 -2
45 5 46 5 -1
45 2 46 2 3
44 48 44 49 -3
44 45 45 45 1
44 44 44 45 1
44 37 44 38 -2
44 35 44 36 -2
44 31 45 31 -3
44 30 44 31 -1
44 27 45 27 2
44 26 45 26 3
44 25 44 26 1
44 17 44 18 2
44 16 45 16 -1
44 15 44 16 -2
44 12 44 13 -1
44 11 45 11 1
44 9 44 10 -1
44 8 44 9 1
44 2 45 2 1
43 47 43 48 1
43 47 44 47 -3
43 44 43 45 -2
43 42 43 43 -1
43 42 44 42 -2
43 40 43 41 -2
43 38 43 39 -1
43 36 43 37 1
43 36 44 36 1
43 35 44 35 -1
43 34 43 35 -1
43 32 43 33 3
43 30 43 31 -1
43 27 44 27 1
43 26 43 27 -2
43 24 44 24 -1
43 17 44 17 -3
43 14 44 14 -2
43 11 44 11 -3
43 10 44 10 1
43 8 43 9 1
43 2 44 2 -2
43 1 44 1 1
42 47 42 48 3
42 41 42 42 2
42 38 42 39 1
42 38 43 38 2
42 32 42 33 -2
42 31 42 32 -2
42 31 43 31 -1
42 30 43 30 2
42 27 42 28 1
42 26 42 27 -1
42 19 43 19 1
42 14 42 15 2
42 11 43 11 -3
42 10 43 10 1
42 9 42 10 -1
42 9 43 9 3
42 7 42 8 -3
42 6 42 7 -1
42 5 42 6 -1
42 1 43 1 3
41 41 42 41 -1
41 38 42 38 1
41 27 41 28 2
41 25 42 25 2
41 22 41 23 -1
41 5 41 6 -3
41 2 42 2 -2
41 0 41 1 1
41 0 42 0 -1
40 48 41 48 1
40 47 41 47 1
40 44 40 45 2
40 44 41 44 -1
40 42 41 42 -3
40 37 41 37 1
40 35 41 35 2
40 34 40 35 1
40 30 40 31 3
40 27 40 28 -2
40 24 40 25 -2
40 24 41 24 -1
40 21 40 22 1
40 20 40 21 1
40 17 41 17 -2
40 16 40 17 -1
40 15 40 16 1
40 11 41 11 -3
40 10 41 10 2
40 8 40 9 2
40 3 40 4 1
39 45 40 45 1
39 43 39 44 -2
39 43 40 43 2
39 42 39 43 -3
39 41 39 42 -3
39 39 39 40 -2
39 30 39 31 2
39 28 39 29 1
39 27 39 28 -2
39 25 39 26 -3
39 25 40 25 1
39 23 40 23 -1
39 20 39 21 -3
39 20 40 20 -1
39 16 40 16 -1
39 15 40 15 3
39 10 39 11 2
39 10 40 10 2
39 8 39 9 1
38 45 38 46 -1
38 44 39 44 1
38 35 39 35 3
38 34 39 34 -1
38 28 38 29 3
38 26 39 26 3
38 25 39 25 -2
38 24 39 24 -2
38 22 39 22 -2
38 18 39 18 -2
38 12 38 13 -1
38 11 39 11 -1
38 9 38 10 -2
38 3 38 4 -2
38 2 38 3 2
38 0 39 0 2
37 45 38 45 1
37 38 38 38 2
37 37 38 37 -3
37 36 37 37 1
37 29 37 30 -3
37 28 37 29 -2
37 28 38 28 -1
37 26 37 27 -3
37 25 38 25 -1
37 22 37 23 2
37 17 38 17 -2
37 13 38 13 -3
37 9 38 9 -1
37 4 38 4 -1
37 2 38 2 2
36 45 37 45 -1
36 42 36 43 -3
36 41 37 41 3
36 40 36 41 3
36 40 37 40 -2
36 39 36 40 2
36 34 37 34 -1
36 32 37 32 -1
36 31 36 32 -3
36 30 36 31 -1
36 30 37 30 1
36 29 36 30 -1
36 25 37 25 -2
36 22 36 23 -3
36 21 36 22 1
36 20 37 20 -1
36 19 37 19 1
36 15 37 15 -3
36 10 36 11 2
36 1 37 1 2
35 45 36 45 3
35 41 35 42 1
35 38 35 39 1
35 38 36 38 -2
35 32 36 32 3
35 28 36 28 -1
35 23 35 24 -3
35 15 36 15 -3
35 13 36 13 -1
35 10 36 10 -2
35 2 36 2 2
34 47 34 48 -1
34 45 35 45 -2
34 44 34 45 3
34 32 35 32 2
34 29 34 30 2
34 28 34 29 2
34 24 35 24 1
34 23 35 23 -2
34 18 35 18 1
34 12 35 12 1
34 8 35 8 1
34 7 34 8 3
34 7 35 7 2
33 48 33 49 3
33 44 33 45 -3
33 44 34 44 -3
33 43 34 43 -3
33 41 34 41 -1
33 37 34 37 -2
33 35 33 36 -1
33 34 34 34 2
33 32 34 32 2
33 28 33 29 1
33 26 33 27 3
33 25 34 25 -3
33 23 34 23 1
33 21 33 22 -3
33 21 34 21 1
33 20 34 20 -1
33 18 34 18 -2
33 8 33 9 3
33 6 34 6 1
33 5 33 6 3
33 0 34 0 -3
32 47 32 48 -1
32 44 32 45 -1
32 43 33 43 2
32 40 33 40 -3
32 39 32 40 -3
32 36 33 36 1
32 35 32 36 -3
32 35 33 35 1
32 32 32 33 1
32 32 33 32 1
32 23 32 24 -2
32 19 33 19 3
32 17 33 17 2
32 16 32 17 -3
32 15 32 16 -1
32 10 32 11 -1
32 1 33 1 1
32 0 32 1 2
31 40 32 40 -3
31 38 31 39 -2
31 31 31 32 -2
31 27 31 28 1
31 22 31 23 1
31 20 31 21 2
31 19 31 20 -1
31 10 32 10 2
31 8 32 8 1
31 3 31 4 -1
31 2 32 2 3
30 41 31 41 -3
30 36 31 36 -3
30 35 31 35 1
30 32 31 32 3
30 30 30 31 -1
30 28 31 28 -1
30 26 31 26 1
30 25 31 25 -1
30 17 31 17 1
30 10 31 10 2
30 8 31 8 -1
30 3 30 4 -2
29 47 30 47 2
29 46 29 47 1
29 46 30 46 3
29 45 30 45 -3
29 44 29 45 3
29 34 30 34 2
29 32 29 33 -3
29 27 29 28 3
29 22 29 23 3
29 21 30 21 2
29 18 30 18 -2
29 15 29 16 -3
29 10 30 10 1
29 0 30 0 -1
28 45 28 46 1
28 43 29 43 -3
28 39 28 40 1
28 38 29 38 -1
28 34 28 35 1
28 31 28 32 2
28 29 28 30 1
28 21 29 21 -3
28 20 28 21 -2
28 17 28 18 -2
28 16 28 17 -1
28 16 29 16 1
28 14 29 14 -2
28 13 29 13 -2
28 12 28 13 -1
28 6 28 7 3
28 3 28 4 2
28 1 28 2 2
27 45 27 46 -1
27 44 27 45 3
27 39 28 39 -1
27 38 28 38 -1
27 32 28 32 -3
27 26 28 26 2
27 24 28 24 3
27 19 27 20 1
27 14 28 14 -3
27 11 27 12 1
27 10 27 11 2
27 1 28 1 1
26 47 26 48 3
26 45 27 45 -2
26 44 27 44 2
26 43 27 43 2
26 38 26 39 -2
26 37 26 38 -3
26 35 26 36 -2
26 34 26 35 2
26 33 27 33 -1
26 32 26 33 -3
26 31 26 32 1
26 30 26 31 -3
26 28 26 29 -1
26 23 26 24 2
26 21 26 22 -2
26 16 27 16 2
26 10 26 11 3
26 7 27 7 -3
26 0 27 0 3
25 45 26 45 -1
25 43 25 44 -2
25 37 26 37 3
25 36 25 37 -3
25 33 26 33 -3
25 30 26 30 -3
25 26 25 27 1
25 23 26 23 -2
25 22 26 22 2
25 21 26 21 2
25 20 26 20 2
25 19 26 19 1
25 17 25 18 3
25 10 26 10 -3
25 7 25 8 3
24 45 24 46 -3
24 42 24 43 1
24 40 24 41 1
24 39 25 39 -2
24 35 24 36 2
24 34 24 35 -3
24 33 25 33 1
24 31 25 31 -1
24 27 25 27 -3
24 26 24 27 -2
24 25 24 26 -2
24 25 25 25 -2
24 21 24 22 -2
24 19 25 19 1
24 12 24 13 -3
24 12 25 12 -2
24 4 24 5 -3
24 1 24 2 1
24 1 25 1 -3
24 0 25 0 2
23 47 24 47 -1
23 46 24 46 -1
23 44 24 44 -2
23 42 24 42 1
23 39 23 40 -1
23 37 24 37 1
23 33 23 34 -1
23 32 24 32 1
23 30 24 30 -1
23 29 23 30 -1
23 26 24 26 3
23 23 23 24 2
23 22 24 22 -3
23 21 23 22 3
23 20 24 20 3
23 17 23 18 3
23 9 23 10 3
23 8 23 9 1
23 7 24 7 -1
23 4 24 4 -1
23 2 24 2 1
23 1 24 1 -1
22 46 23 46 -1
22 45 22 46 -3
22 42 22 43 3
22 39 23 39 -1
22 35 23 35 2
22 32 23 32 1
22 28 23 28 1
22 26 23 26 1
22 23 22 24 -2
22 23 23 23 -3
22 22 23 22 2
22 21 22 22 3
22 18 22 19 2
22 16 22 17 1
22 12 22 13 1
22 12 23 12 -3
22 8 23 8 1
22 6 22 7 3
22 4 22 5 -3
22 0 22 1 3
21 45 21 46 -3
21 44 22 44 -3
21 43 21 44 -3
21 42 21 43 1
21 38 21 39 3
21 35 22 35 -2
21 24 21 25 3
21 23 21 24 -1
21 22 22 22 3
21 18 22 18 -2
21 12 21 13 -1
21 8 21 9 1
21 5 22 5 3
21 4 22 4 3
21 3 22 3 -3
20 48 20 49 -3
20 46 21 46 -1
20 43 21 43 3
20 37 20 38 -3
20 37 21 37 2
20 33 20 34 -2
20 31 21 31 1
20 24 20 25 -3
20 23 21 23 1
20 22 21 22 2
20 21 21 21 1
20 20 20 21 -2
20 20 21 20 2
20 15 21 15 1
20 9 20 10 1
20 6 21 6 1
20 4 20 5 3
20 2 20 3 2
20 1 21 1 -2
19 46 19 47 -1
19 42 20 42 -1
19 41 20 41 -3
19 40 19 41 3
19 39 19 40 -1
19 38 20 38 -2
19 33 20 33 1
19 30 19 31 -1
19 30 20 30 1
19 29 20 29 -2
19 28 20 28 -1
19 25 20 25 -2
19 20 19 21 3
19 18 20 18 3
19 16 19 17 -3
19 16 20 16 -1
19 13 19 14 -2
19 11 20 11 -1
19 9 19 10 3
19 7 20 7 -2
19 4 19 5 -1
19 2 20 2 2
19 1 19 2 3
19 1 20 1 -3
18 48 19 48 2
18 46 19 46 -2
18 34 18 35 -1
18 29 18 30 2
18 28 19 28 3
18 23 18 24 -2
18 23 19 23 2
18 21 19 21 -3
18 20 19 20 -3
18 12 18 13 -3
18 10 18 11 -2
18 10 19 10 -3
18 7 19 7 -1
18 3 18 4 -2
18 2 19 2 -3
17 48 18 48 -3
17 44 17 45 3
17 37 18 37 3
17 32 18 32 -2
17 22 18 22 -3
17 20 18 20 1
17 19 18 19 1
17 10 18 10 1
17 3 17 4 1
17 1 18 1 2
17 0 18 0 -2
16 48 17 48 -1
16 45 17 45 -2
16 43 16 44 -3
16 42 16 43 3
16 40 16 41 2
16 40 17 40 3
16 38 17 38 -1
16 36 17 36 -1
16 34 16 35 3
16 33 16 34 -3
16 31 16 32 -3
16 30 17 30 3
16 29 17 29 1
16 28 16 29 -3
16 25 17 25 -1
16 22 17 22 2
16 20 16 21 -2
16 19 16 20 -2
16 18 17 18 2
16 9 16 10 -1
16 8 17 8 1
16 6 16 7 1
16 3 17 3 1
16 1 16 2 1
15 45 15 46 -2
15 40 16 40 -3
15 37 16 37 3
15 36 15 37 1
15 36 16 36 1
15 35 15 36 -3
15 35 16 35 -3
15 34 16 34 3
15 32 15 33 -2
15 31 15 32 -2
15 25 15 26 3
15 20 16 20 2
15 17 15 18 -1
15 16 15 17 3
15 12 15 13 -2
15 12 16 12 -1
15 10 15 11 3
15 8 16 8 -2
15 5 15 6 2
15 4 16 4 3
15 0 16 0 1
14 47 15 47 -2
14 45 15 45 -1
14 43 14 44 1
14 41 14 42 1
14 35 14 36 -3
14 33 15 33 3
14 32 14 33 3
14 31 14 32 2
14 28 15 28 -3
14 27 14 28 3
14 25 14 26 1
14 25 15 25 -1
14 21 15 21 3
14 20 15 20 -2
14 16 14 17 -2
14 14 15 14 -2
14 12 15 12 3
14 6 15 6 2
14 2 15 2 2
13 46 14 46 -1
13 40 13 41 -2
13 37 13 38 -2
13 27 13 28 -3
13 21 14 21 3
13 18 13 19 1
13 18 14 18 2
13 17 13 18 1
13 15 13 16 -1
13 15 14 15 -2
13 14 14 14 -2
13 9 14 9 3
13 3 13 4 -3
13 3 14 3 -2
13 2 13 3 -2
12 48 13 48 -2
12 47 13 47 1
12 45 12 46 2
12 43 12 44 3
12 42 12 43 -3
12 36 12 37 -1
12 34 13 34 2
12 32 13 32 -3
12 23 12 24 -2
12 22 12 23 1
12 21 12 22 1
12 20 12 21 -2
12 18 13 18 2
12 14 13 14 2
12 11 13 11 -1
12 8 13 8 3
12 6 13 6 3
12 1 13 1 1
11 46 12 46 3
11 43 11 44 -2
11 38 12 38 -3
11 34 12 34 2
11 32 11 33 2
11 27 12 27 2
11 22 11 23 2
11 22 12 22 -1
11 21 11 22 -1
11 21 12 21 2
11 19 11 20 3
11 18 12 18 2
11 13 11 14 -2
11 10 11 11 3
11 10 12 10 -1
11 9 11 10 2
11 9 12 9 -3
11 6 12 6 3
11 3 11 4 -1
11 0 12 0 2
10 43 10 44 3
10 41 10 42 3
10 40 11 40 -2
10 26 11 26 1
10 25 11 25 -3
10 23 10 24 1
10 16 11 16 2
10 11 11 11 1
10 9 11 9 1
10 3 10 4 3
10 1 11 1 -3
9 45 10 45 -3
9 31 9 32 2
9 28 10 28 1
9 26 10 26 -3
9 23 9 24 2
9 20 9 21 3
9 17 9 18 -2
9 16 9 17 -1
9 14 9 15 1
9 9 9 10 -3
9 7 10 7 1
9 3 9 4 -3
9 0 9 1 -3
8 48 9 48 3
8 45 9 45 3
8 42 8 43 3
8 39 8 40 2
8 38 8 39 -3
8 37 8 38 -3
8 30 9 30 -1
8 27 8 28 -3
8 26 8 27 3
8 22 8 23 -3
8 20 8 21 2
8 17 9 17 -3
8 15 8 16 -1
8 14 8 15 -3
8 12 8 13 -2
8 12 9 12 2
8 10 8 11 2
8 8 9 8 -1
8 7 8 8 -3
8 2 8 3 3
7 43 7 44 1
7 41 7 42 3
7 39 7 40 1
7 36 8 36 2
7 28 7 29 -2
7 22 8 22 3
7 18 8 18 -1
7 14 8 14 -3
7 12 7 13 -2
7 11 7 12 2
7 6 7 7 -3
7 6 8 6 2
7 5 7 6 1
7 4 7 5 -1
6 47 7 47 -3
6 39 6 40 3
6 38 6 39 2
6 33 6 34 1
6 33 7 33 1
6 30 7 30 1
6 27 6 28 1
6 25 6 26 -1
6 22 7 22 3
6 21 6 22 2
6 21 7 21 -2
6 20 7 20 -1
6 19 7 19 1
6 17 7 17 -1
6 15 6 16 -1
6 14 7 14 -1
6 12 6 13 1
6 10 7 10 3
6 9 7 9 -3
6 7 7 7 -3
6 1 7 1 -2
5 47 6 47 1
5 30 6 30 3
5 29 5 30 3
5 25 5 26 -1
5 24 5 25 1
5 22 5 23 -3
5 22 6 22 3
5 20 6 20 3
5 18 5 19 1
5 16 5 17 3
5 11 5 12 3
5 9 6 9 2
5 7 5 8 -3
5 6 5 7 -3
5 5 5 6 -1
4 41 5 41 -3
4 39 4 40 -3
4 36 4 37 -3
4 32 4 33 -2
4 27 5 27 2
4 26 4 27 2
4 26 5 26 3
4 23 4 24 3
4 21 4 22 3
4 21 5 21 2
4 20 5 20 2
4 19 5 19 3
4 15 4 16 3
4 10 4 11 3
4 6 4 7 -2
4 2 4 3 1
4 1 4 2 -2
4 1 5 1 -1
3 48 3 49 -3
3 45 3 46 1
3 44 3 45 3
3 44 4 44 -2
3 43 3 44 -2
3 43 4 43 3
3 42 3 43 1
3 41 4 41 -1
3 38 3 39 2
3 37 4 37 1
3 35 3 36 2
3 25 4 25 -3
3 23 3 24 -1
3 19 4 19 2
3 17 3 18 3
3 16 3 17 -3
3 15 3 16 -1
3 14 4 14 -2
3 13 4 13 -1
3 7 3 8 -2
3 4 3 5 1
2 41 2 42 3
2 41 3 41 2
2 30 3 30 2
2 29 3 29 3
2 28 2 29 3
2 27 3 27 2
2 26 2 27 2
2 26 3 26 3
2 24 2 25 3
2 21 2 22 -3
2 21 3 21 3
2 19 2 20 -2
2 15 2 16 1
2 11 2 12 3
2 11 3 11 1
2 6 3 6 1
1 47 2 47 -3
1 42 1 43 2
1 40 2 40 -3
1 35 1 36 -3
1 34 2 34 1
1 31 1 32 -2
1 27 2 27 -3
1 25 2 25 -1
1 20 1 21 1
1 18 2 18 3
1 7 1 8 1
1 1 1 2 -2
1 1 2 1 3
1 0 1 1 1
0 45 1 45 1
0 38 1 38 -2
0 34 1 34 1
0 32 1 32 -3
0 29 1 29 3
0 27 0 28 -2
0 23 0 24 1
0 13 1 13 -3
0 11 1 11 2
0 5 0 6 -1
0 4 0 5 2
0 3 1 3 2
0 0 1 0 -2
Source 0 0
Target 49 49
